95 168
121 165
144 172
186 170
205 163
232 168
107 184
117 180
129 181
139 187
129 191
118 188
191 186
201 179
209 180
220 183
211 188
200 188
166 187
163 204
163 220
152 225
179 225
123 244
148 243
178 242
201 245
177 261
144 258
79 106
129 91
195 91
240 108
69 174
77 224
90 256
129 283
163 294
194 282
241 249
248 227
252 174

84 171
108 162
129 163
187 164
211 158
235 166
101 179
107 173
121 173
138 180
123 184
109 183
185 180
195 175
212 173
219 179
210 183
197 182
160 175
163 207
163 231
149 240
176 240
133 274
149 267
179 269
193 273
178 280
144 280
76 97
112 80
207 80
235 97
71 176
75 248
83 273
115 320
162 340
211 315
242 272
248 236
249 179